22 2
22 3
22 4
22 5
22 6
22 7
22 8
22 9
22 10
22 11
22 12
22 13
21 13
20 13
19 13
18 13
18 12
18 11
18 10
18 9
18 8
18 7
18 6
18 5
18 4
18 3
18 2
18 1
17 1
16 1
15 1
14 1
13 1
12 1
11 1
10 1
9 1
8 1
8 3
8 2
9 3
10 3
11 3
12 3
13 3
14 3
15 3
15 4
15 5
15 6
15 7
15 8
15 9
15 10
15 11
15 12
14 12
13 12
12 12
11 12
10 12
9 12
8 12
7 12
6 12
5 12
5 11
5 10
5 9
6 9
7 9
8 9
9 9
10 9
11 9
12 9
12 8
12 7
12 6
12 5
12 4
11 4
10 4
9 4
8 4
7 4
6 4
5 4
5 3
5 2
4 2
3 2
2 2
2 3
2 4
2 5
2 6
2 7
2 8
2 9
2 10
2 11
2 12
